%YAML:1.0
teste1: !!opencv-matrix
   rows: 1
   cols: 200
   dt: f
   data: [ 3.91324423e-003, 4.94693127e-003, 4.99307783e-003,
       3.05491476e-003, 3.54407029e-003, 4.31010639e-003,
       5.89755410e-003, 6.38670987e-003, 5.84217813e-003,
       3.47023527e-003, 4.58698673e-003, 5.62990317e-003,
       4.22704220e-003, 6.49746181e-003, 4.47623432e-003,
       3.75634525e-003, 6.35902165e-003, 4.19935398e-003,
       7.89109338e-003, 3.60867567e-003, 5.86986635e-003,
       4.43931716e-003, 3.94093199e-003, 6.55283825e-003,
       3.83940944e-003, 8.12182762e-003, 4.36548237e-003,
       3.51638207e-003, 7.21735135e-003, 3.77480383e-003,
       3.26718972e-003, 8.69404711e-003, 5.10383025e-003,
       4.17166576e-003, 5.26995864e-003, 4.42085834e-003,
       6.77434262e-003, 4.21781279e-003, 4.75311512e-003,
       4.43008775e-003, 2.55652983e-003, 6.60821423e-003,
       1.12044299e-002, 5.99907711e-003, 3.96862021e-003,
       4.11628978e-003, 7.35579152e-003, 7.98338745e-003,
       2.97185057e-003, 5.02076605e-003, 6.29441626e-003,
       4.24550055e-003, 5.38993999e-003, 3.83018004e-003,
       5.18689444e-003, 6.90355338e-003, 3.77480383e-003,
       2.77803419e-003, 3.53484089e-003, 5.84217813e-003,
       4.00553783e-003, 3.33179510e-003, 3.71019845e-003,
       8.68481770e-003, 3.32256570e-003, 4.23627160e-003,
       3.56252887e-003, 4.08860156e-003, 4.43008775e-003,
       7.68804830e-003, 2.82418099e-003, 7.54960766e-003,
       5.30687580e-003, 4.30087699e-003, 3.25796031e-003,
       3.62713425e-003, 2.08583288e-003, 4.41162894e-003,
       4.36548237e-003, 5.87909576e-003, 4.21781279e-003,
       5.65759139e-003, 4.38394118e-003, 3.46100610e-003,
       4.50392254e-003, 5.67604974e-003, 5.38071059e-003,
       7.53114931e-003, 8.33410211e-003, 4.76234453e-003,
       4.57775733e-003, 8.56483635e-003, 5.03922487e-003,
       5.12228906e-003, 3.47946468e-003, 5.95293054e-003,
       9.21089109e-003, 6.33133389e-003, 4.61467449e-003,
       5.30687580e-003, 6.59898482e-003, 3.41485930e-003,
       6.36825105e-003, 4.05168440e-003, 3.95939080e-003,
       3.46100610e-003, 3.57175828e-003, 9.36779007e-003,
       3.77480383e-003, 8.30641482e-003, 4.67005093e-003,
       3.15643754e-003, 4.48546372e-003, 7.31887389e-003,
       6.19289326e-003, 4.41162894e-003, 3.85786803e-003,
       5.06691262e-003, 4.40239953e-003, 4.31010639e-003,
       3.87632684e-003, 4.35625296e-003, 4.14397800e-003,
       3.83018004e-003, 2.40886025e-003, 8.13105702e-003,
       5.15920622e-003, 1.03184124e-002, 3.30410711e-003,
       3.51638207e-003, 4.31933533e-003, 4.62390389e-003,
       4.90078470e-003, 2.59344722e-003, 3.64559307e-003,
       4.10706038e-003, 3.16566695e-003, 6.57129660e-003,
       4.14397800e-003, 4.21781279e-003, 5.92524232e-003,
       6.30364567e-003, 4.16243682e-003, 4.66082152e-003,
       4.94693127e-003, 3.60867567e-003, 4.00553783e-003,
       3.71019845e-003, 3.91324423e-003, 4.37471177e-003,
       3.10106133e-003, 5.47300419e-003, 3.34102451e-003,
       5.11305965e-003, 4.92847245e-003, 4.31933533e-003,
       4.55929851e-003, 4.00553783e-003, 6.80203037e-003,
       3.94093199e-003, 9.16474406e-003, 4.96539008e-003,
       3.33179510e-003, 3.09183216e-003, 1.04199359e-002,
       2.52884184e-003, 6.12828787e-003, 4.04245500e-003,
       3.31333652e-003, 5.51915076e-003, 8.50945991e-003,
       5.02999546e-003, 5.28841699e-003, 5.41762821e-003,
       4.37471177e-003, 4.79926169e-003, 5.68527915e-003,
       3.18412553e-003, 3.75634525e-003, 4.07937262e-003,
       3.69173987e-003, 4.32856474e-003, 4.39317012e-003,
       3.43331788e-003, 3.84863862e-003, 8.29718541e-003,
       6.32210448e-003, 8.13105702e-003, 3.37794190e-003,
       5.71296737e-003, 8.54637753e-003, 5.53760957e-003,
       8.55560694e-003, 4.67928033e-003, 3.42408870e-003,
       4.21781279e-003, 3.32256570e-003, 5.67604974e-003,
       3.90401483e-003, 6.01753592e-003 ]
